0.017186
0.015009
0.008753
0.011066
0.008098
0.012977
0.016218
0.010622
0.011238
0.014782
0.011588
0.009915
0.008961
0.006626
0.013822
0.015298
0.004057
0.011144
0.007048
0.005726
0.014848
0.011623
0.008564
0.003661
0.011434
0.007262
0.013377
0.007692
0.012155
0.008780
0.002343
0.006836
0.005555
0.006495
0.012781
0.011086
0.009888
0.009055
0.013114
0.012561
0.009393
0.024219
0.016041
0.014041
0.026195
0.012269
0.010478
0.003432
0.000386
0.001175
0.015552
0.013156
0.012034
0.010545
0.018668
0.012774
0.012947
0.004186
0.019199
0.021733
0.017237
0.007591
0.000457
0.011325
0.003981
0.001488
0.010755
0.006994
0.012270
0.027844
0.014931
0.007055
0.014436
0.016627
0.013151
0.011593
0.009208
0.009373
0.013305
0.009826
0.008845
0.011055
0.008021
0.008503
0.006772
0.004400
0.004940
0.008920
0.006457
0.006897
0.023746
0.014634
0.010267
0.008969
0.011420
0.017759
0.009182
0.005680
0.004380
0.002565
0.002924
0.003797
0.006128
0.009572
0.007723
0.009983
0.007280
0.007218
0.009674
0.010682
0.007129
0.014387
0.017882
0.014836
0.007445
0.012038
0.007448
0.017413
0.014109
0.007199
0.010975
0.008703
0.005799
0.006914
0.009224
0.005662
0.006617
0.011714
0.016853
0.010510
0.014139
0.008888
0.004334
0.012046
0.011861
0.012909
0.007514
0.006325
0.010256
0.016715
0.010807
0.010031
0.007482
0.010108
0.006392
0.008615
0.006077
0.006917
0.002109
0.007946
0.015520
0.002205
0.002860
0.013462
0.000232
0.008810
0.001523
0.010344
0.004097
0.005379
0.003759
0.003156
0.006591
0.016052
0.013719
0.018831
0.009125
0.022482
0.009821
0.012768
0.016293
0.007894
0.015111
0.011551
0.010663
0.006581
0.011464
0.010719
0.009919
0.015837
0.118149
