Residue	Probability
1	0.017186
2	0.015009
3	0.008753
4	0.011066
5	0.008098
6	0.012977
7	0.016218
8	0.010622
9	0.011238
10	0.014782
11	0.011588
12	0.009915
13	0.008961
14	0.006626
15	0.013822
16	0.015298
17	0.004057
18	0.011144
19	0.007048
20	0.005726
21	0.014848
22	0.011623
23	0.008564
24	0.003661
25	0.011434
26	0.007262
27	0.013377
28	0.007692
29	0.012155
30	0.008780
31	0.002343
32	0.006836
33	0.005555
34	0.006495
35	0.012781
36	0.011086
37	0.009888
38	0.009055
39	0.013114
40	0.012561
41	0.009393
42	0.024219
43	0.016041
44	0.014041
45	0.026195
46	0.012269
47	0.010478
48	0.003432
49	0.000386
50	0.001175
51	0.015552
52	0.013156
53	0.012034
54	0.010545
55	0.018668
56	0.012774
57	0.012947
58	0.004186
59	0.019199
60	0.021733
61	0.017237
62	0.007591
63	0.000457
64	0.011325
65	0.003981
66	0.001488
67	0.010755
68	0.006994
69	0.012270
70	0.027844
71	0.014931
72	0.007055
73	0.014436
74	0.016627
75	0.013151
76	0.011593
77	0.009208
78	0.009373
79	0.013305
80	0.009826
81	0.008845
82	0.011055
83	0.008021
84	0.008503
85	0.006772
86	0.004400
87	0.004940
88	0.008920
89	0.006457
90	0.006897
91	0.023746
92	0.014634
93	0.010267
94	0.008969
95	0.011420
96	0.017759
97	0.009182
98	0.005680
99	0.004380
100	0.002565
101	0.002924
102	0.003797
103	0.006128
104	0.009572
105	0.007723
106	0.009983
107	0.007280
108	0.007218
109	0.009674
110	0.010682
111	0.007129
112	0.014387
113	0.017882
114	0.014836
115	0.007445
116	0.012038
117	0.007448
118	0.017413
119	0.014109
120	0.007199
121	0.010975
122	0.008703
123	0.005799
124	0.006914
125	0.009224
126	0.005662
127	0.006617
128	0.011714
129	0.016853
130	0.010510
131	0.014139
132	0.008888
133	0.004334
134	0.012046
135	0.011861
136	0.012909
137	0.007514
138	0.006325
139	0.010256
140	0.016715
141	0.010807
142	0.010031
143	0.007482
144	0.010108
145	0.006392
146	0.008615
147	0.006077
148	0.006917
149	0.002109
150	0.007946
151	0.015520
152	0.002205
153	0.002860
154	0.013462
155	0.000232
156	0.008810
157	0.001523
158	0.010344
159	0.004097
160	0.005379
161	0.003759
162	0.003156
163	0.006591
164	0.016052
165	0.013719
166	0.018831
167	0.009125
168	0.022482
169	0.009821
170	0.012768
171	0.016293
172	0.007894
173	0.015111
174	0.011551
175	0.010663
176	0.006581
177	0.011464
178	0.010719
179	0.009919
180	0.015837
181	0.118149
